261
44428
12708
4799
40952
13197
10801
23924
19507
49823
5704
29829
29443
5441
19228
17291
47751
29041
27210
2390
54047
6920
28803
47501
26497
16772
39439
30275
48667
62341
44368
53688
49268
28405
48542
53195
24873
27757
48396
20020
19628
27280
43379
28829
38053
11074
60296
27673
36813
29999
46376
64297
32989
12301
6582
27100
7247
19916
65369
30661
42885
56997
21949
54542
61812
42516
40365
14189
42651
35670
22475
34186
44302
5452
30458
24912
2792
36867
14402
3694
61161
36310
31953
55243
29037
48897
57129
22418
35014
60854
39171
28522
2138
41298
19
1101
47907
7889
60134
18715
14698
19974
61669
18100
52301
24531
57178
32438
59574
53462
19733
49329
48247
47863
17905
14186
15467
1616
8811
7833
46790
25624
50338
42961
21220
35869
22346
10525
9370
46019
62188
30634
42520
58427
5643
9915
62853
47422
62572
34168
7278
12858
19452
34577
50093
59821
41514
1680
61510
2511
46589
64688
63888
18135
12582
36945
43242
40521
34779
23644
873
29734
52225
44428
22696
17095
30425
53968
58283
38124
50352
16730
13625
37680
54028
17509
14163
31505
55966
7913
26840
52818
26238
62544
54270
41371
37040
60409
43922
57767
1072
58181
44814
43722
46605
39444
52658
26530
3193
44975
43595
40376
5015
32951
56683
24969
44893
9171
14268
60328
42875
26881
64258
50746
24785
2193
33723
22908
63316
43411
16434
5985
50699
17806
63858
17927
51366
51128
22661
3837
24146
53760
33600
27175
65226
61702
35287
7997
19701
31596
56773
7128
29829
1799
62788
61193
62793
4615
45444
20921
26341
58532
51761
13772
36080
7308
60515
8367
28190
64340
65083
22863
25521
53179
371
12700
4217
25693
56878
63670
25521
42960
19145
47450
45724
2196
30042
8179
14294
44197
50776
53606
1985
36720
23008
14143
39312
6997
52233
44028
11146
23658
58838
57965
33391
60043
10381
650
16033
65519
18005
60458
24881
24788
15776
18858
46669
10084
4817
2418
64808
48803
26043
43552
36503
17915
20559
47585
26163
53218
56936
31369
13772
58980
56663
51610
10914
4907
59832
63909
22361
54162
17601
485
4032
1820
44182
21883
41811
3361
57000
26068
46306
6236
36076
40897
20278
51726
63533
61564
56354
40239
30676
11327
21408
41689
29661
10902
36672
17869
34134
64022
23066
23103
62928
5539
64063
27335
58470
13608
58667
41502
14306
56019
41147
44336
55069
37133
31828
43058
37792
25678
34321
28257
52332
15176
36003
11467
10427
34741
64462
49018
20923
26283
15879
25492
18469
45276
3342
35590
44083
65063
46230
58652
62759
3104
59566
58728
26290
57704
5207
34235
24349
2014
16263
41699
1687
10752
9564
64747
12178
42221
18184
35955
26342
23562
42301
58966
27134
30232
62455
52937
61059
4474
10791
52238
25435
24314
3108
35096
62327
41863
64289
38849
2372
6859
57675
45966
8826
37355
26700
65245
18798
21483
57995
61334
44863
60388
64792
15349
60308
40257
46360
13911
26427
52000
24010
44504
39221
61119
12312
50175
32220
1313
49372
49961
8121
24222
27340
4291
3701
37795
48113
61302
13019
45345
1919
8892
56653
55586
35708
17675
5743
245
2253
1528
54931
53898
4946
46353
40928
12925
51784
49770
10028
31649
38333
58789
61698
7327
10382
47511
37018
10186
34260
1023
9990
20957
32833
61472
50801
21791
59687
63200
63940
15576
61081
27026
14616
35851
29698
56263
61583
54149
10589
26391
44749
12764
60117
51123
25432
31907
22414
3051
28971
53504
23184
23163
63441
58199
36623
42171
41632
15828
26864
53739
43980
23784
65297
37198
33950
11080
21778
61502
50970
13563
23058
39446
5237
14013
16346
14243
16523
44258
50610
19862
27153
11983
64226
45795
15086
47814
29101
56235
45342
23819
60441
49493
16417
40393
64197
50998
27200
59056
35649
8886
51605
11371
59746
45227
57187
60665
40427
52631
30422
23237
61233
28289
23382
61859
40363
61804
3068
54895
534
41619
49720
10387
41878
58234
62230
48671
5677
64988
40280
52199
52057
39979
34030
27482
942
28207
35486
15301
16228
55430
52922
64700
6395
33741
17570
44983
1792
59848
58270
53177
62495
30460
9725
33649
15961
47978
2579
24794
33421
22521
8056
46397
38843
40470
16006
6614
28908
7668
38443
130
58525
62525
38362
27917
59430
31733
33712
6924
60466
62311
920
15935
12325
40122
32758
15
1175
19311
59626
137
46055
10511
4453
57374
47850
43822
39623
8714
60876
17960
48458
16756
21950
51296
48851
21927
63063
35820
55245
6230
9430
50876
63459
3041
51896
19787
65510
9078
24601
39052
56377
62385
58333
61198
35089
42116
53010
14640
39108
44239
25061
29619
53677
41326
37249
28783
62997
60660
58154
54594
43598
14065
10452
9083
44240
14806
6464
16441
32638
10613
20865
5885
6332
533
20896
50416
60565
52585
21141
27545
25295
20289
29407
40730
48050
38029
10497
3270
11202
33707
25248
50504
7182
2514
23403
49118
39449
38593
25518
3200
1306
51676
21140
32701
28589
2836
48858
52833
21034
4667
51605
22383
29715
26956
62618
43622
8098
54752
18563
64672
4737
25506
51333
44334
22501
57722
41792
227
33538
58813
45855
58091
11130
32427
9608
36615
14362
15602
43413
7263
25892
12617
27772
20478
37681
13632
46684
30718
10211
40482
60735
16664
4958
32672
37084
4901
43553
26343
53093
64406
19310
63093
15755
8568
61053
52034
4426
11223
60738
23852
49959
35545
20461
11068
58246
48284
8663
2150
11513
6800
62522
7015
51241
35113
13985
29744
25929
15494
56581
38789
18789
16201
25085
11827
61036
16316
23770
1174
2761
30828
491
41422
9245
5976
11005
8066
36686
63340
16731
17549
31230
40431
11775
43472
19903
26296
33191
22897
8059
28911
23102
41508
37963
59614
16161
497
35947
37953
44761
6754
19266
19401
26818
39872
48417
12439
28885
18885
56916
46365
19541
31393
20439
59638
16731
19774
29391
11402
18879
58856
18580
30309
37213
9444
6320
32517
31039
57711
64517
29420
16912
57688
54152
37948
20911
45594
34027
32561
63224
41052
12171
30129
9529
15930
13057
14443
47999
60418
38467
62800
64516
25174
38296
50811
9048
19500
48577
6015
60867
4928
7997
9307
64028
24147
23630
8921
39988
44663
58145
42807
60391
37818
49630
32312
55795
10795
38954
45791
19935
51854
6120
21414
55859
61060
57552
64623
21241
21147
53069
17758
32571
481
53820
13900
